1214
1304
19525
19615
37836
37926
4513
16291
22824
34602
41135
52913
4545
13583
22856
31894
41167
50205
1391
4605
11111
19702
22916
29422
38013
41227
47733
1291
1587
9408
10906
12881
13188
15851
19602
19898
27719
29217
31192
31499
34162
37913
38209
46030
47528
49503
49810
52473
1866
3706
4674
4679
4758
11050
13462
13505
13602
17639
17672
20177
22017
22985
22990
23069
29361
31773
31816
31913
35950
35983
38488
40328
41296
41301
41380
47672
50084
50127
50224
54261
54294
1765
3677
4277
4400
9115
10452
10807
10847
10914
11062
11102
12888
17679
20076
21988
22588
22711
27426
28763
29118
29158
29225
29373
29413
31199
35990
38387
40299
40899
41022
45737
47074
47429
47469
47536
47684
47724
49510
54301
195
1143
1475
1501
1836
1855
2913
3846
3947
3965
4857
6433
9392
9440
10690
10905
11083
13206
13207
13261
13294
13579
15561
16549
17657
18506
19454
19786
19812
20147
20166
21224
22157
22258
22276
23168
24744
27703
27751
29001
29216
29394
31517
31518
31572
31605
31890
33872
34860
35968
36817
37765
38097
38123
38458
38477
39535
40468
40569
40587
41479
43055
46014
46062
47312
47527
47705
49828
49829
49883
49916
50201
52183
53171
54279
1079
1426
1435
1612
1740
1854
1876
2087
3401
4005
4185
4234
4499
4527
4595
4753
4831
5003
9139
10173
10382
10462
10734
10873
10898
10974
11061
13445
13514
13560
15291
15373
16148
16460
19390
19737
19746
19923
20051
20165
20187
20398
21712
22316
22496
22545
22810
22838
22906
23064
23142
23314
27450
28484
28693
28773
29045
29184
29209
29285
29372
31756
31825
31871
33602
33684
34459
34771
37701
38048
38057
38234
38362
38476
38498
38709
40023
40627
40807
40856
41121
41149
41217
41375
41453
41625
45761
46795
47004
47084
47356
47495
47520
47596
47683
50067
50136
50182
51913
51995
52770
53082